250	148.797029443993
251	160.500334871378
252	123.923640298764
253	89.6769457261489
254	67.6502511535336
255	56.443556580919
256	48.1668620083037
257	39.1701674356891
258	33.4134728630743
259	34.2067782904587
260	35.790083717844
261	29.8233891452292
262	15.7366945726144
263	0
264	-12.7066945726156
265	-22.6033891452298
266	-29.9900837178448
267	-33.8167782904593
268	-33.4134728630752
269	-30.1001674356903
270	-26.8868620083049
271	-24.9535565809192
272	-22.6202511535348
273	-19.0769457261495
274	-14.7936402987643
275	-9.84033487137913
276	-3.27702944399334
277	5.77627598339041
278	17.2295814107756
279	29.7128868381615
280	41.0461922655459
281	49.9794976929315
282	57.5228031203169
283	65.2461085477016
284	73.709413975087
285	82.5927194024725
286	80.6915078910479
287	76.0771689184539
288	68.0528299458592
289	58.1984909732655
290	50.2441520006705
291	46.2898130280764
292	45.5354740554822
293	46.7511350828881
294	51.2567961102941
295	62.5224571376993
296	78.808118165105
297	92.9337791925109
298	99.7594402199165
299	101.205101247322
300	101.950762274728
301	103.086423302135
302	102.542084329541
303	99.8277453569463
304	97.7734063843518
305	98.8690674117579
306	100.364728439164
307	97.8503894665691
308	90.9160504939746
309	82.1317115213806
310	73.9273725487865
311	67.2930335761921
312	63.1886946035975
313	64.014355631004
314	72.5500166584097
315	87.025677685815
316	101.431338713221
317	110.546999740627
318	113.692660768033
319	111.808321795439
320	107.593982822845
321	103.91964385025
322	101.445304877656
323	99.1209659050619
324	97.3166269324674
325	97.0722879598734
326	98.0279489872792
327	97.2036100146852
328	91.1992710420909
329	80.8549320694965
330	72.630593096902
331	72.0862541243077
332	78.1119151517132
333	87.1775761791205
334	97.2932372065261
335	107.858898233932
336	117.784559261338
337	124.800220288743
338	126.665881316148
339	124.611542343554
340	122.40720337096
341	122.502864398366
342	123.548525425772
343	123.184186453177
344	120.609847480583
345	116.315508507989
346	110.831169535394
347	103.2468305628
348	92.2024915902057
349	78.6681526176126
350	65.2438136450182
351	54.8794746724243
352	49.1951356998297
353	47.2407967272356
354	47.6464577546412
355	50.4321187820469
356	55.2277798094528
357	60.3634408368589
358	63.7191018642643
359	64.9547628916698
360	65.2504239190757
361	64.8760849464816
362	62.7417459738872
363	57.3174070012929
364	48.2530680286982
365	37.8887290561051
366	29.6643900835106
367	25.3600511109171
368	24.9357121383227
369	28.6913731657278
370	37.6570341931338
371	52.2326952205394
372	70.3983562479452
373	86.9440172753511
374	97.4196783027564
375	101.885339330162
376	101.641000357568
377	96.756661384974
378	86.4523224123795
379	71.3879834397858
380	55.3836444671915
381	42.1093054945977
382	30.7849665220037
383	18.6706275494089
384	6.67628857681484
385	0.351949604220863
386	3.81761063162685
387	14.5332716590319
388	28.6489326864375
389	44.7245937138441
390	62.8054895179639
391	81.9826933541026
392	99.7798971902421
393	113.667101026381
394	123.034304862519
395	127.901508698657
396	129.018712534797
397	127.665916370936
398	125.063120207074
399	122.480324043213
400	121.267527879352
401	122.02473171549
402	124.731935551629
403	129.339139387768
404	136.416343223907
405	145.783547060046
406	153.750750896184
407	156.007954732323
408	152.905158568461
409	148.0923624046
410	143.759566240739
411	138.696770076878
412	131.883973913017
413	126.221177749155
414	126.318381585294
415	136.495585421433
416	159.582789257572
417	191.67999309371
418	218.06719692985
419	226.624400765988
420	221.491604602126
421	210.478808438265
422	194.066012274405
423	167.683216110543
424	132.640419946682
425	103.72762378282
426	94.7948276189591
427	101.392031455098
428	111.229235291237
429	117.176439127375
430	118.433642963514
431	115.260846799652
432	108.968050635792
433	100.50525447193
434	92.2024583080693
435	88.2796621442085
436	91.1668659803463
437	99.054069816485
438	109.451273652624
439	121.078477488763
440	133.785681324902
441	146.182885161041
442	155.560088997179
443	161.267292833318
444	166.314496669456
445	173.461700505595
446	183.358904341734
447	196.526108177874
448	211.623312014011
449	224.23051585015
450	229.667719686289
451	225.924923522428
452	213.682127358567
453	196.579331194705
454	176.686535030844
455	155.203738866982
456	135.480942703121
457	121.858146539261
458	116.6753503754
459	119.492554211539
460	126.029758047676
461	132.316961883816
462	137.404165719954
463	141.951369556093
464	145.468573392232
465	146.305777228371
466	143.472981064509
467	137.780184900648
468	130.317388736787
469	122.204592572925
470	114.871796409065
471	109.349000245204
472	105.686204081341
473	104.09340791748
474	105.270611753619
475	109.697815589758
476	116.365019425897
477	123.012223262036
478	128.329427098174
479	133.326630934313
480	139.023834770452
481	144.66103860659
482	148.428242442729
483	150.125446278868
484	152.372650115007
485	157.209853951145
486	162.317057787284
487	164.184261623423
488	164.551465459562
489	168.878669295701
490	178.155873131839
491	186.093076967978
492	187.870280804117
493	186.697484640255
494	186.634688476394
495	185.261892312534
496	177.139096148671
497	162.74629998481
498	149.78350382095
499	143.290707657088
500	140.187911493227
501	136.685115329366
502	132.832319165504
503	130.199523001643
504	129.026726837782
505	128.513930673921
506	128.62113451006
507	129.828338346199
508	132.215542182336
509	135.442746018475
510	139.219949854614
511	143.147153690753
512	146.154357526892
513	147.011561363031
514	145.998765199169
515	144.755969035308
516	145.453172871447
517	149.450376707586
518	155.627580543724
519	160.884784379864
520	163.321988216002
521	162.379192052141
522	156.97639588828
523	147.183599724418
524	134.570803560558
525	121.248007396696
526	108.755211232834
527	97.7724150689728
528	89.1596189051124
529	84.7668227412505
530	84.5740265773902
531	86.4512304135287
532	88.2284342496669
533	91.6353478286337
534	94.6683329741181
535	97.7313181196023
536	101.594303265087
537	104.527288410571
538	103.800273556055
539	100.313258701539
540	99.2662438470225
541	103.239228992506
542	106.842214137991
543	104.525199283475
544	102.598184428959
545	113.001169574443
546	135.894154719927
547	157.587139865412
548	168.710125010895
549	174.383110156379
550	181.086095301864
551	184.599080447348
552	175.682065592832
553	155.095050738316
554	135.2480358838
555	126.101021029284
556	126.354006174768
557	131.786991320252
558	139.969976465736
559	150.48296161122
560	161.755946756704
561	169.538931902189
562	171.331917047673
563	170.834902193157
564	172.037887338641
565	173.860872484125
566	173.583857629609
567	171.376842775092
568	169.829827920577
569	170.022813066061
570	169.895798211545
571	167.448783357029
572	163.851768502513
573	161.274753647997
574	160.557738793481
575	161.050723938966
576	161.173709084449
577	159.736694229934
578	157.229679375418
579	153.952664520902
580	148.355649666385
581	137.78863481187
582	121.041619957354
583	98.5600366212771
584	75.8869732414992
585	55.7939098617198
586	38.9008464819412
587	27.667783102163
588	26.8447197223841
589	40.2216563426055
590	62.8985929628266
591	83.9155295830478
592	97.8424662032694
593	108.539402823491
594	119.286339443712
595	128.053276063933
596	131.980212684155
597	132.037149304376
598	131.344085924597
599	130.901022544819
600	129.42795916504
601	126.114895785261
602	120.581832405483
603	112.568769025704
604	105.295705645926
605	104.072642266146
606	109.729578886368
607	117.596515506589
608	123.94345212681
609	127.870388747032
610	128.777325367254
611	126.764261987474
612	122.481198607696
613	117.548135227917
614	113.955071848139
615	112.80200846836
616	114.518945088581
617	119.675881708803
618	128.832818329024
619	142.319754949245
620	157.626691569466
621	169.993628189688
622	177.040564809909
623	180.467501430131
624	181.404438050352
625	178.101374670573
626	169.028311290794
627	158.405247911016
628	152.932184531237
629	153.449121151458
630	154.96605777168
631	154.632994391901
632	154.199931012123
633	155.196867632344
634	155.733804252565
635	153.280740872787
636	148.847677493008
637	146.044614113229
638	146.731550733451
639	149.668487353672
640	153.025423973893
641	154.132360594114
642	151.029297214336
643	148.756233834557
644	155.873170454778
645	174.190107075
646	197.557043695221
647	220.333980315443
648	239.050916935664
649	250.287853555885
650	249.604790176106
651	232.821726796327
652	202.938663416549
653	168.65560003677
654	136.382536656992
655	108.669473277213
656	87.3764098974348
657	72.4933465176559
658	63.3602831378771
659	58.4772197580983
660	56.0241563783197
661	55.7810929985412
662	59.3280296187622
663	66.9049662389839
664	74.9519028592049
665	79.8288394794267
666	81.3657760996475
667	80.8027127198689
668	80.7096493400904
669	84.4865859603115
670	92.3635225805333
671	99.5104592007547
672	101.797395820975
673	99.1643324411975
674	92.4612690614185
675	81.69820568164
676	66.4751423018611
677	49.142078922082
678	35.0090155423036
679	27.365952162525
680	24.5928887827467
681	24.7198254029677
682	27.656762023189
683	33.6471076706544
684	41.6971076706545
685	50.0871076706544
686	57.1371076706546
687	61.2571076706545
688	61.7071076706548
689	60.0471076706544
690	58.3271076706546
691	59.0771076706546
692	64.7671076706547
693	73.9671076706545
694	82.3171076706544
695	86.8571076706544
696	87.0471076706544
697	82.6171076706546
698	73.5871076706544
699	60.2671076706547
700	44.7171076706545
701	29.8671076706546
702	19.1271076706544
703	16.4071076706546
704	22.9371076706548
705	35.0171076706547
706	49.2371076706545
707	65.4971076706547
708	84.1071076706544
709	101.727107670654
710	113.157107670655
711	116.617107670655
712	114.007107670655
713	107.717107670655
714	100.787107670655
715	95.7871076706547
716	92.4371076706543
717	89.6171076706546
718	86.1671076706548
719	81.0171076706547
720	74.8371076706544
721	70.4471076706545
722	69.6671076706548
723	71.6271076706544
724	75.1671076706548
725	80.4936548454284
726	88.3192344983972
727	95.3048141513655
728	95.850393804335
729	88.4659734573033
730	77.8115531102721
731	68.4371327632412
732	62.5427124162097
733	61.1382920691785
734	62.6938717221474
735	65.2494513751162
736	67.5750310280851
737	68.5906106810539
738	67.0161903340227
739	61.491769986992
740	52.3073496399606
741	44.3329292929297
742	42.2885089458982
743	45.0040885988674
744	49.3296682518362
745	55.6852479048048
746	67.1308275577735
747	83.0464072107425
748	97.3819868637115
749	105.56756651668
750	108.503146169649
751	107.768725822617
752	103.484305475586
753	95.3398851285551
754	83.355464781524
755	67.751044434493
756	50.9866240874617
757	38.7822037404308
758	34.1877833933995
759	32.143363046368
760	27.5789426993369
761	23.9945223523059
762	27.5101020052748
763	36.0256816582432
764	41.391261311212
765	41.6268409641812
766	43.9624206171497
767	52.7980002701188
768	61.7135799230873
769	63.7991595760564
770	62.4247392290249
771	64.950318881994
772	72.5358985349626
773	80.8614781879314
774	88.3470578409001
775	98.9126374938692
776	114.338217146838
777	127.823796799807
778	132.089376452776
779	128.164956105744
780	120.400535758713
781	111.106115411682
782	100.651695064651
783	89.7272747176194
784	79.9528543705883
785	73.2784340235571
786	71.7640136765258
787	76.4095933294948
788	84.0551729824638
789	91.1207526354324
790	99.0563322884013
791	111.57191194137
792	126.597491594338
793	136.703071247307
794	137.838650900276
795	132.084230553246
796	122.339810206214
797	112.905389859183
798	107.820969512152
799	104.956549165121
800	100.112128818089
801	103.537708471058
802	136.753288124028
803	196.978867776997
804	245.224447429965
805	255.550027082933
806	246.355606735902
807	238.161186388871
808	221.50676604184
809	179.582345694809
810	127.777925347777
811	101.443505000747
812	110.059084653716
813	132.114664306684
814	151.100243959653
815	165.775823612622
816	176.781403265591
817	183.046982918559
818	183.962562571528
819	189.678142224497
820	214.913721877466
821	251.619301530434
822	270.934881183403
823	261.890460836373
824	244.746040489341
825	233.68162014231
826	214.797199795279
827	174.572779448247
828	134.118359101217
829	124.533938754185
830	140.879518407154
831	153.875098060123
832	151.360677713092
833	143.49625736606
834	137.551837019029
835	130.357416671998
836	118.452996324967
837	105.138575977935
838	95.6441556309046
839	92.3397352838733
840	95.2153149368423
841	103.770894589811
842	117.91647424278
843	136.012053895749
844	153.387633548718
845	166.203213201687
846	173.858792854655
847	176.404372507624
848	174.199952160592
849	167.955531813562
850	161.181111466531
851	158.736691119499
852	160.662270772468
853	162.277850425437
854	160.893430078406
855	157.539009731374
856	153.334589384343
857	149.140169037312
858	145.895748690281
859	143.631328343249
860	141.536907996218
861	138.752487649187
862	134.968067302156
863	130.023646955125
864	123.159226608093
865	114.724806261062
866	108.530385914032
867	107.765965567
868	109.471545219969
869	109.177124872938
870	107.652704525907
871	108.398284178876
872	111.413863831845
873	113.709443484813
874	114.465023137782
875	116.050602790751
876	119.75618244372
877	123.761762096688
878	127.497341749657
879	137.962921402626
880	162.198501055595
881	192.034080708564
882	212.829660361532
883	220.705240014502
884	220.64081966747
885	214.426399320439
886	198.901978973408
887	172.917558626377
888	141.503138279345
889	110.878717932314
890	88.504297585283
891	81.0098772382516
892	83.9854568912206
893	87.7810365441896
894	92.4566161971584
895	106.592195850127
896	130.147775503096
897	149.773355156065
898	156.658934809033
899	156.494514462002
900	156.050094114971
901	155.50567376794
902	153.501253420909
903	154.006833073877
904	163.352412726846
905	178.507992379815
906	188.603572032784
907	189.429151685752
908	186.654731338721
909	183.890310991691
910	177.24589064466
911	163.881470297628
912	151.657049950597
913	149.952629603566
914	155.248209256535
915	157.893788909504
916	152.919368562472
917	139.784948215441
918	120.52052786841
919	99.3161075213784
920	82.0216871743473
921	78.4172668273159
922	93.5028464802849
923	113.858426133253
924	124.744005786223
925	127.919585439191
926	130.57516509216
927	129.730744745129
928	116.346324398098
929	93.2919040510669
930	75.817483704036
931	71.6030633570044
932	74.1486430099735
933	77.1342226629422
934	79.6798023159108
935	82.6153819688798
936	87.7109616218486
937	96.1665412748175
938	104.982120927786
939	109.417700580755
940	108.263280233724
941	102.988859886693
942	95.2744395396617
943	87.3100191926305
944	80.5855988455992
945	75.0411784985681
946	71.0067581515368
947	69.9623378045058
948	72.8879174574745
949	77.6234971104432
950	81.3490767634121
951	83.7646564163806
952	85.9402360693498
953	88.2358157223184
954	90.6313953752874
955	94.006975028256
956	100.192554681225
957	109.318134334193
958	117.913713987162
959	122.969293640131
960	124.6148732931
961	123.240452946069
962	116.156032599038
963	99.7716122520064
964	77.9871919049751
965	60.0327715579442
966	50.168351210913
967	46.9439308638816
968	48.6095105168506
969	53.7150901698192
970	60.5506698227882
971	66.0862494757571
972	67.7818291287258
973	66.5574087816944
974	64.2229884346634
975	63.6585680876324
976	68.5041477406012
977	79.0897273935698
978	92.7653070465385
979	106.950886699507
980	119.886466352476
981	130.132046005445
982	136.077625658414
983	135.993205311383
984	128.188784964351
985	112.19436461732
986	92.2699442702892
987	73.3255239232581
988	55.4411035762269
989	36.7966832291954
990	19.8022628821645
991	9.72784253513328
992	7.85342218810183
993	11.3690018410712
994	19.94458149404
995	37.3801611470089
996	64.5357407999777
997	94.3813204529465
998	120.056900105915
999	140.242479758884
1000	155.018059411853
1001	164.313639064821
1002	167.80921871779
1003	165.844798370759
1004	159.590378023728
1005	149.835957676697
1006	136.481537329666
1007	120.857116982635
1008	107.262696635603
1009	98.3882762885723
1010	91.5224773258378
1011	84.0399248707063
1012	77.447372415575
1013	73.8348199604434
1014	71.402267505312
1015	66.8397150501805
1016	61.4871625950491
1017	59.4646101399171
1018	60.6520576847861
1019	60.8595052296546
1020	57.3369527745231
1021	49.6344003193913
1022	39.7518478642601
1023	33.6692954091286
1024	35.1267429539971
1025	40.7441904988655
1026	47.181638043734
1027	56.5090855886028
1028	71.2965331334708
1029	88.6039806783397
1030	104.261428223208
1031	119.948875768077
1032	139.806323312945
1033	160.023770857813
1034	170.751218402682
1035	170.308665947551
1036	166.416113492419
1037	163.703561037288
1038	161.781008582156
1039	161.418456127025
1040	165.565903671893
1041	175.063351216761
1042	182.86079876163
1043	181.358246306499
1044	170.895693851367
1045	154.683141396236
1046	136.730588941105
1047	122.098036485973
1048	112.795484030841
1049	107.46293157571
1050	104.450379120578
1051	102.237826665446
1052	100.435274210315
1053	100.732721755184
1054	104.360169300052
1055	110.357616844921
1056	117.435064389789
1057	125.142511934658
1058	133.229959479526
1059	139.887407024395
1060	142.664854569263
1061	143.412302114132
1062	146.789749659
1063	151.427197203869
1064	150.304644748737
1065	142.742092293606
1066	136.809539838474
1067	135.616987383343
1068	131.524434928212
1069	120.30188247308
1070	110.449330017949
1071	108.976777562817
1072	107.994225107685
1073	98.0716726525543
1074	83.5291201974223
1075	72.9365677422911
1076	66.8240152871595
1077	61.5514628320279
1078	58.5789103768961
1079	63.1863579217647
1080	74.1938054666334
1081	83.4312530115021
1082	88.2587005563705
1083	94.696148101239
1084	104.933595646108
1085	111.641043190976
1086	109.548490735845
1087	103.465938280713
1088	99.0633858255819
1089	96.5708333704501
1090	95.1182809153183
1091	98.2057284601869
1092	110.623176005056
1093	130.020623549924
1094	149.808071094792
1095	165.085518639661
1096	172.91296618453
1097	172.230413729398
1098	163.407861274266
1099	148.545308819135
1100	132.542756364004
1101	118.740203908872
1102	106.057651453741
1103	93.3550989986093
1104	81.4825465434778
1105	71.819994088346
1106	65.7574416332145
1107	64.2648891780832
1108	66.7423367229521
1109	72.4097842678202
1110	82.2672318126888
1111	97.7146793575575
1112	115.332126902426
1113	128.629574447294
1114	136.447021992163
1115	142.874469537031
1116	149.0119170819
1117	151.509364626768
1118	149.696812171637
1119	148.644259716506
1120	151.531707261374
1121	155.019154806242
1122	155.286602351111
1123	150.87404989598
1124	141.321497440848
1125	127.918944985716
1126	112.786392530585
1127	100.693840075454
1128	96.761287620322
1129	99.3687351651906
1130	103.536182710059
1131	108.323630254928
1132	115.631077799796
1133	125.038525344664
1134	133.955972889533
1135	141.173420434402
1136	147.15086797927
1137	152.418315524139
1138	157.525763069007
1139	162.033210613875
1140	163.230658158744
1141	159.258105703613
1142	152.115553248481
1143	144.64300079335
1144	140.350448338218
1145	142.217895883087
1146	149.085343427955
1147	158.402790972823
1148	170.160238517692
1149	185.407686062561
1150	200.25513360743
1151	207.582581152297
1152	206.020028697166
1153	199.517476242035
1154	192.604923786903
1155	190.062371331771
1156	194.03981887664
1157	203.057266421509
1158	215.624713966378
1159	230.642161511246
1160	246.519609056114
1161	260.337056600983
1162	269.444504145851
1163	272.641951690719
1164	269.739399235589
1165	263.836846780457
1166	258.274294325325
1167	251.691741870194
1168	241.659189415062
1169	232.096636959931
1170	229.094084504799
1171	227.371532049668
1172	215.188979594537
1173	194.776427139405
1174	179.443874684273
1175	170.811322229142
1176	158.14876977401
1177	139.766217318879
1178	126.683664863747
1179	122.751112408616
1180	118.198559953485
1181	108.116007498353
1182	101.233455043222
1183	104.29090258809
1184	113.438350132958
1185	123.545797677827
1186	132.043245222696
1187	137.000692767564
1188	137.078140312433
1189	131.455587857301
1190	121.73303540217
1191	110.220482947038
1192	97.2879304919065
1193	82.5253780367748
1194	67.4228255816433
1195	54.430273126512
1196	42.2577206713809
1197	27.095168216249
1198	13.1826157611176
1199	12.3600633059864
1200	25.907510850855
1201	42.004958395723
1202	54.9726536107291
1203	68.6944819034316
1204	82.7463101961343
1205	88.9781384888361
1206	83.0399667815386
1207	71.7217950742415
1208	61.5236233669439
1209	53.4354516596459
1210	48.6772799523483
1211	52.6091082450512
1212	69.180936537753
1213	91.0227648304553
1214	108.884593123158
1215	122.48642141586
1216	134.078249708562
1217	140.360078001265
1218	136.411906293967
1219	126.80373458667
1220	120.995562879372
1221	119.827391172075
1222	117.969219464777
1223	112.291047757479
1224	101.832876050182
1225	87.794704342884
1226	73.4965326355864
1227	62.1783609282888
1228	57.0901892209913
1229	59.9120175136936
1230	69.7238458063962
1231	84.0356740990983
1232	97.9475023918008
1233	108.249330684503
1234	116.461158977206
1235	124.432987269908
1236	132.964815562611
1237	141.306643855313
1238	144.638472148015
1239	139.540300440718
1240	131.58212873342
1241	127.063957026122
1242	124.935785318824
1243	122.427613611527
1244	119.269441904229
1245	115.521270196932
1246	108.913098489634
1247	97.0649267823369
1248	83.4967550750389
1249	74.3985833677411
1250	72.370411660444
1251	77.9522399531461
1252	89.9440682458485
1253	105.275896538551
1254	118.157724831253
1255	121.119553123955
1256	115.521381416658
1257	111.96320970936
1258	114.385038002063
1259	117.606866294765
1260	119.458694587468
1261	123.36052288017
1262	129.962351172872
1263	133.834179465575
1264	131.536007758277
1265	126.037836050979
1266	120.239664343682
1267	113.811492636384
1268	106.173320929086
1269	98.5351492217892
1270	92.3569775144911
1271	87.6588058071934
1272	84.1906340998962
1273	82.8724623925982
1274	85.5242906853009
1275	96.0361189780033
1276	117.477947270706
1277	144.709775563408
1278	170.19160385611
1279	190.943432148813
1280	205.865260441515
1281	213.147088734218
1282	211.11891702692
1283	202.260745319622
1284	190.902573612324
1285	177.894401905027
1286	162.29623019773
1287	146.188058490432
1288	133.299886783134
1289	124.081715075837
1290	116.973543368539
1291	112.745371661241
1292	113.807199953944
1293	120.339028246646
1294	130.450856539348
1295	141.462684832051
1296	149.914513124753
1297	155.216341417456
1298	160.648169710158
1299	165.71999800286
1300	164.141826295563
1301	154.623654588265
1302	144.775482880968
1303	138.46731117367
1304	131.169139466372
1305	120.210967759075
1306	108.372796051777
1307	97.2346243444795
1308	84.126452637182
1309	69.6582809298839
1310	64.7001092225864
1311	77.3819375152889
1312	101.613765807991
1313	129.365594100694
1314	155.317422393396
1315	175.089250686099
1316	185.981078978801
1317	186.982907271503
1318	182.254735564206
1319	177.076563856908
1320	174.54839214961
1321	177.400220442313
1322	191.182048735015
1323	220.243877027717
1324	254.19570532042
1325	279.167533613122
1326	298.239361905824
1327	319.671190198527
1328	332.85301849123
1329	320.594846783932
1330	289.936675076634
1331	259.378503369337
1332	232.940331662039
1333	206.912159954741
1334	188.933988247444
1335	192.795816540146
1336	213.457644832848
1337	233.189473125551
1338	245.061301418254
1339	250.733129710955
1340	247.274958003658
1341	227.606786296361
1342	196.628614589063
1343	170.110442881765
1344	155.172271174468
1345	148.500755704961
1346	146.502587515485
1347	143.874419326009
1348	138.896251136533
1349	132.798082947058
1350	123.969914757582
1351	108.411746568106
1352	87.28357837863
1353	67.6354101891543
1354	53.7872419996779
1355	46.7490738102024
1356	47.0809056207263
1357	54.8227374312505
1358	67.9245692417749
1359	81.1464010522991
1360	91.3882328628233
1361	99.8800646733471
1362	109.101896483871
1363	122.093728294396
1364	139.50556010492
1365	158.677391915444
1366	175.989223725968
1367	185.571055536492
1368	182.672887347016
1369	166.054719157541
1370	138.946550968065
1371	111.558382778589
1372	92.3202145891132
1373	85.0320463996372
1374	91.2538782101615
1375	108.295710020685
1376	131.42754183121
1377	153.339373641734
1378	167.831205452258
1379	170.973037262782
1380	162.504869073306
1381	151.116700883831
1382	143.448532694355
1383	137.080364504879
1384	130.122196315403
1385	126.344028125927
1386	128.095859936451
1387	131.137691746975
1388	132.4295235575
1389	135.191355368023
1390	140.763187178548
1391	143.195018989072
1392	138.476850799596
1393	130.33868261012
1394	122.970514420644
1395	119.172346231168
1396	120.074178041693
1397	121.726009852217
1398	121.317841662741
1399	123.439673473265
1400	130.641505283789
1401	134.533337094313
1402	129.745168904838
1403	126.337000715362
1404	131.668832525886
1405	136.26066433641
1406	131.192496146934
1407	119.264327957459
1408	105.086159767982
1409	92.9479915785068
1410	87.309823389031
1411	92.0516551995547
1412	108.403487010079
1413	130.025318820603
1414	150.097150631128
1415	164.278982441652
1416	168.900814252176
1417	162.2426460627
1418	146.474477873224
1419	134.286309683748
1420	134.388141494272
1421	137.219973304796
1422	134.021805115321
1423	128.583636925845
1424	124.445468736369
1425	118.097300546893
1426	106.229132357417
1427	88.720964167941
1428	73.2127959784657
1429	90.12462778899
1430	155.296459599514
1431	228.128291410038
1432	273.690123220562
1433	303.481955031086
1434	325.953786841611
1435	317.305618652135
1436	265.297450462659
1437	204.809282273183
1438	166.811114083707
1439	151.182945894231
1440	150.854777704756
1441	153.75660951528
1442	151.788441325804
1443	148.600273136328
1444	147.912104946852
1445	149.393936757376
1446	152.7757685679
1447	159.167600378425
1448	168.309432188949
1449	177.011263999473
1450	183.573095809997
1451	189.414927620521
1452	194.926759431045
1453	198.758591241569
1454	201.080423052093
1455	204.742254862618
1456	210.134086673142
1457	212.865918483666
1458	209.90775029419
1459	201.329582104715
1460	186.981413915238
1461	165.533245725763
1462	140.605077536287
1463	124.126909346811
1464	119.838741157335
1465	117.790572967859
1466	112.662404778383
1467	107.764236588908
1468	101.386068399432
1469	83.777900209956
1470	56.9397320204798
1471	38.1215638310041
1472	33.8633956415283
1473	37.5352274520524
1474	42.6370592625767
1475	42.9388910731009
1476	36.2707228836252
1477	25.8725546941491
1478	16.805076872186
1479	16.5645784738035
1480	21.7840800754207
1481	33.6935816770383
1482	49.4230832786561
1483	61.1025848802733
1484	65.662086481891
1485	65.5915880835087
1486	67.0010896851263
1487	75.9205912867437
1488	86.250092888361
1489	86.5095944899786
1490	79.6790960915964
1491	75.398597693214
1492	71.9380992948313
1493	63.307600896449
1494	56.5971024980663
1495	62.676604099684
1496	74.246105701302
1497	78.0656073029195
1498	74.8551089045372
1499	70.0646105061546
1500	64.0341121077722
1501	56.3836137093895
1502	50.8331153110071
1503	50.6126169126246
1504	52.2221185142421
1505	52.4916201158599
1506	56.7311217174774
1507	70.3306233190947
1508	91.1801249207124
1509	115.46962652233
1510	139.149128123947
1511	158.148629725565
1512	168.918131327182
1513	168.8976329288
1514	157.417134530418
1515	137.216636132035
1516	119.316137733653
1517	111.06563933527
1518	108.525140936888
1519	108.124642538506
1520	109.633220304304
1521	111.160912647021
1522	112.378604989738
1523	109.256297332455
1524	98.4739896751721
1525	81.1816820178892
1526	63.6293743606061
1527	49.1870667033231
1528	38.3047590460401
1529	34.8024513887567
1530	44.9201437314741
1531	66.1678360741912
1532	89.0755284169081
1533	110.403220759625
1534	131.340913102342
1535	148.388605445059
1536	155.806297787776
1537	155.773990130493
1538	154.73168247321
1539	156.049374815927
1540	161.417067158644
1541	171.424759501361
1542	185.392451844078
1543	197.650144186794
1544	202.547836529511
1545	205.125528872229
1546	212.283221214946
1547	223.160913557663
1548	237.31860590038
1549	264.116298243096
1550	307.883990585814
1551	349.27168292853
1552	371.789375271248
1553	379.917067613965
1554	379.624759956681
1555	372.532452299398
1556	360.920144642115
1557	349.047836984832
1558	341.795529327549
1559	344.673221670266
1560	354.650914012983
1561	356.5586063557
1562	346.566298698417
1563	335.433991041134
1564	324.611683383851
1565	305.559375726568
1566	280.407068069285
1567	260.394760412002
1568	246.432452754719
1569	232.300145097436
1570	221.837837440153
1571	224.17552978287
1572	237.483222125587
1573	254.330914468304
1574	270.868606811021
1575	285.066299153738
1576	295.693991496455
1577	301.891683839171
1578	303.529376181888
1579	301.597068524606
1580	300.154760867323
1581	301.25245321004
1582	298.450145552757
1583	288.307837895474
1584	279.215530238191
1585	277.183222580908
1586	279.130914923624
1587	283.178607266342
1588	291.456299609059
1589	305.643991951776
1590	326.061684294492
1591	347.659376637209
1592	359.457068979926
1593	359.884761322643
1594	356.472453665361
1595	349.550146008077
1596	334.107838350794
1597	314.425530693511
1598	300.033223036228
1599	290.670915378945
1600	281.208607721662
1601	269.566300064379
1602	255.163992407096
1603	238.501684749813
1604	221.21937709253
1605	208.097069435247
1606	203.574761777964
1607	207.962454120681
1608	218.610146463398
1609	227.237838806115
1610	227.385531148832
1611	218.813223491549
1612	203.810915834266
1613	187.378608176983
1614	174.466300519699
1615	169.783992862417
1616	177.411685205134
1617	199.819377547851
1618	228.877069890568
1619	248.734762233285
1620	258.692454576002
1621	267.310146918719
1622	271.137839261436
1623	262.125531604153
1624	244.87322394687
1625	227.930916289587
1626	213.398608632303
1627	200.67630097502
1628	185.283993317737
1629	165.051685660455
1630	149.629378003172
1631	146.927070345888
1632	154.234762688605
1633	167.992455031322
1634	186.680147374039
1635	203.447839716756
1636	203.025532059473
1637	186.75322440219
1638	176.050916744907
1639	176.958609087624
1640	180.836301430341
1641	189.303993773058
1642	209.571686115775
1643	228.529378458492
1644	224.817070801209
1645	196.274763143926
1646	151.840274478904
1647	114.993748158682
1648	105.59722183846
1649	115.600695518237
1650	131.164169198015
1651	143.017642877793
1652	143.041116557571
1653	123.344590237349
1654	86.7680639171272
1655	53.5015375969051
1656	40.3450112766827
1657	57.0184849564607
1658	94.511958636238
1659	127.345432316016
1660	144.388905995794
1661	146.022379675572
1662	136.57585335535
1663	122.409327035128
1664	110.052800714906
1665	104.136274394683
1666	100.979748074461
1667	96.923221754239
1668	93.766695434017
1669	93.4001691137946
1670	99.0036427935725
1671	112.63711647335
1672	129.650590153129
1673	142.484063832906
1674	144.397537512684
1675	136.801011192462
1676	126.95448487224
1677	117.107958552017
1678	106.621432231796
1679	96.5949059115733
1680	88.8083795913512
1681	82.3418532711294
1682	76.0753269509064
1683	77.7788006306846
1684	95.1122743104625
1685	119.69574799024
1686	138.989221670018
1687	143.912695349796
1688	131.276169029574
1689	105.079642709352
1690	70.9531163891293
1691	37.0465900689073
1692	13.2800637486853
1693	9.10353742846337
1694	19.3370111082409
1695	29.9904847880189
1696	42.273958467797
1697	63.3974321475748
1698	86.5909058273523
1699	102.51437950713
1700	114.527853186908
1701	125.681326866686
1702	129.334800546464
1703	122.038274226242
1704	110.18174790602
1705	98.2352215857977
1706	85.398695265575
1707	73.6621689453527
1708	69.1856426251306
1709	72.4391163049086
1710	78.4925899846867
1711	85.8460636644645
1712	94.8595373442427
1713	98.5230110240204
1714	89.0464847037979
1715	71.639958383576
1716	53.5834320633535
1717	37.8369057431314
1718	28.9503794229095
1719	33.8538531026875
1720	51.8673267824652
1721	73.7808004622434
1722	93.4742741420205
1723	104.917747821798
1724	103.211221501576
1725	89.5146951813545
1726	75.5081688611322
1727	72.4116425409102
1728	72.4351162206881
1729	66.708589900466
1730	64.3620635802436
1731	69.7355372600214
1732	64.1590109397994
1733	41.442484619577
1734	25.675958299355
1735	28.2494319791331
1736	38.8029056589107
1737	49.946379338689
1738	58.1898530184662
1739	55.083326698244
1740	31.7368003780221
1741	-0.35972594219993
1742	-23.2162522624221
1743	-33.0827785826441
1744	-27.4193049028663
1745	10.5941687769118
1746	80.6176424566893
1747	135.601116136467
1748	154.124589816245
1749	163.958063496023
1750	169.431537175801
1751	146.605010855579
1752	102.938484535357
1753	67.2019582151343
1754	43.6054318949118
1755	25.3889055746899
1756	12.5223792544675
1757	7.51585293424569
1758	12.9493266140234
1759	25.3128002938015
1760	31.1562739735791
1761	27.0197476533572
1762	22.2732213331346
1763	22.7366950129126
1764	30.9201686926904
1765	44.4636423724683
1766	58.1471160522465
1767	69.9205897320244
1768	77.1540634118023
1769	70.68753709158
1770	47.9310107713577
1771	24.4244844511354
1772	8.80795813091345
1773	-2.62856818930868
1774	-8.90509450953095
1775	-6.21162082975297
1776	0.831852850024916
1777	3.53532652980266
1778	2.53880020958013
1779	2.37227388935844
1780	8.34574756913617
1781	24.4192212489143
1782	45.3426949286918
1783	66.02616860847
1784	87.3796422882479
1785	108.923115968026
1786	126.366589647803
1787	136.070063327581
1788	136.543537007359
1789	131.477010687137
1790	125.850484366915
1791	117.813958046693
1792	106.38743172647
1793	101.670905406248
1794	106.724379086027
1795	101.737852765804
1796	78.4613264455816
1797	52.1548001253595
1798	29.4082738051375
1799	7.11174748491567
1800	-1.17477883530682
1801	23.3986948444713
1802	53.4621685242487
1803	54.0356422040268
1804	45.8091158838047
1805	50.4625895635822
1806	52.4260632433602
1807	47.7995369231385
1808	60.7330106029162
1809	87.7264842826939
1810	95.8999579624719
1811	89.0734316422495
1812	92.7469053220275
1813	100.840379001805
1814	99.8738526815832
1815	102.997326361361
1816	119.330800041139
1817	130.214273720917
1818	126.907747400694
1819	123.001221080472
1820	123.91469476025
1821	125.058168440028
1822	124.321642119806
1823	121.025115799584
1824	110.268589479362
1825	88.5320631591399
1826	65.1155368389177
1827	49.3990105186949
1828	42.972484198473
1829	47.2959578782511
1830	65.6994315580287
1831	92.1029052378067
1832	112.056378917584
1833	122.229852597362
1834	126.50332627714
1835	130.356799956918
1836	137.930273636696
1837	147.713747316473
1838	155.072389082865
1839	152.554217375568
1840	143.03604566827
1841	137.047873960973
1842	132.139702253675
1843	119.921530546377
1844	104.85335883908
1845	93.3151871317823
1846	82.8770154244844
1847	72.1388437171868
1848	63.4806720098895
1849	58.5725003025918
1850	60.2543285952938
1851	71.5761568879966
1852	92.817985180699
1853	114.169813473401
1854	125.991641766103
1855	138.403470058806
1856	154.185298351508
1857	142.457126644211
1858	100.088954936913
1859	76.7107832296151
1860	84.3926115223176
1861	95.9444398150204
1862	119.186268107723
1863	173.568096400425
1864	216.959924693128
1865	207.19175298583
1866	174.593581278532
1867	159.905409571234
1868	191.857237863937
1869	255.709066156639
1870	296.940894449342
1871	305.092722742044
1872	294.214551034747
1873	257.336379327449
1874	194.838207620151
1875	155.810035912854
1876	164.261864205556
1877	178.133692498258
1878	174.325520790961
1879	158.647349083663
1880	140.509177376366
1881	129.371005669068
1882	121.13283396177
1883	106.894662254473
1884	84.4064905471751
1885	60.0183188398773
1886	47.6601471325798
1887	51.8119754252821
1888	68.4138037179846
1889	86.5356320106866
1890	91.8674603033892
1891	84.919288596092
1892	74.0911168887937
1893	71.1529451814963
1894	84.1647734741991
1895	114.506601766901
1896	146.758430059604
1897	152.310258352306
1898	133.412086645008
1899	106.773914937711
1900	69.9757432304132
1901	25.6075715231159
1902	5.46939981581772
1903	13.3912281085204
1904	6.62305640122258
1905	-7.30511530607509
1906	17.9367129866273
1907	56.7885412793298
1908	63.8503695720319
1909	66.6421978647345
1910	87.7040261574371
1911	92.7058544501392
1912	73.4176827428414
1913	64.2995110355441
1914	73.9113393282469
1915	89.2631676209489
1916	97.2849959136511
1917	91.6468242063538
1918	88.0986524990558
1919	93.4204807917586
1920	89.7323090844607
1921	71.5641373771628
1922	48.7259656698657
1923	28.4277939625681
1924	16.8196222552706
1925	24.2014505479724
1926	52.4232788406753
1927	78.1651071333777
1928	76.9069354260796
1929	30.7787637187821
1930	-31.6994079885153
1931	-53.6575796958132
1932	-34.2557514031105
1933	7.6060768895918
1934	70.6979051822941
1935	141.099733474996
1936	174.291561767699
1937	160.073390060401
1938	126.875218353104
1939	93.737046645806
1940	70.0488749385086
1941	52.3207032312107
1942	40.0125315239134
1943	48.2343598166158
1944	78.0761881093176
1945	109.85801640202
1946	133.959844694723
1947	149.441672987425
1948	152.463501280127
1949	142.33532957283
1950	131.657157865533
1951	125.508986158235
1952	115.990814450937
1953	101.56264274364
1954	84.0244710363418
1955	65.0262993290439
1956	49.1481276217464
1957	37.2899559144489
1958	28.9217842071512
1959	29.9436124998538
1960	38.8254407925556
1961	43.8772690852584
1962	45.2890973779608
1963	47.9909256706633
1964	43.2127539633652
1965	31.324582256068
1966	37.1164105487705
1967	64.1282388414725
1968	93.1800671341753
1969	121.241895426877
1970	148.75372371958
1971	155.305552012282
1972	132.097380304985
1973	106.699208597687
1974	97.2110368903891
1975	103.692865183092
1976	113.904693475794
1977	114.036521768496
1978	112.268350061199
1979	113.190178353902
1980	99.4120066466035
1981	73.3024805585769
1982	61.5363978987625
1983	56.5303152389483
1984	36.0642325791341
1985	21.2981499193202
1986	31.3620672595057
1987	44.3759845996915
1988	53.4699019398772
1989	76.6338192800631
1990	103.197736620249
1991	108.321653960435
1992	96.3055713006206
1993	76.2594886408065
1994	46.2134059809923
1995	9.14732332117819
1996	-23.9087593386362
1997	-38.5148419984503
1998	-22.9109246582643
1999	11.5229926819211
2000	49.3669100221073
2001	81.6608273622928
2002	101.654744702479
2003	105.888662042664
2004	98.7625793828506
2005	87.6264967230363
2006	75.8804140632219
2007	71.9143314034081
2008	95.1182487435935
2009	137.852166083779
2010	165.266083423965
2011	171.890000764151
2012	166.343918104337
2013	145.327835444523
2014	109.061752784708
2015	71.7456701248943
2016	51.9295874650797
2017	65.5235048052659
2018	96.8474221454517
2019	125.281339485638
2020	160.185256825824
2021	198.199174166009
2022	208.493091506195
2023	193.857008846381
2024	181.620926186567
2025	170.664843526752
2026	154.738760866938
2027	145.202678207124
2028	147.34659554731
2029	155.970512887495
2030	167.844430227682
2031	179.868347567867
2032	192.692264908053
2033	203.686182248239
2034	194.170099588425
2035	168.304016928611
2036	157.627934268797
2037	159.111851608982
2038	155.535768949168
2039	155.679686289354
2040	163.15360362954
2041	161.837520969725
2042	163.701438309911
2043	196.385355650097
2044	221.979272990283
2045	202.253190330468
2046	172.097107670655
2047	150.93102501084
2048	123.584942351026
2049	105.988859691212
2050	123.102777031398
2051	144.256694371583
2052	141.67061171177
2053	125.524529051955
2054	109.408446392141
2055	104.122363732326
2056	108.646281072512
2057	116.670198412698
2058	121.884115752884
2059	121.72803309307
2060	118.781950433256
2061	116.365867773442
2062	116.399785113628
2063	110.933702453813
2064	95.847619793999
2065	82.3315371341851
2066	75.0654544743707
2067	70.9293718145564
2068	76.8132891547425
2069	97.187206494928
2070	111.761123835114
2071	113.0150411753
2072	117.678958515486
2073	127.432875855671
2074	136.286793195857
2075	148.340710536043
2076	163.234627876229
2077	170.808545216415
2078	170.942462556601
2079	169.496379896786
2080	163.520297236972
2081	149.924214577158
2082	131.388131917344
2083	112.042049257529
2084	96.125966597715
2085	94.4498839379012
2086	114.393801278087
2087	128.627718618272
2088	120.161635958459
2089	104.965553298644
2090	89.69947063883
2091	71.0233879790162
2092	50.537305319202
2093	38.9212226593877
2094	59.3651399995738
2095	104.679057339759
2096	141.842974679945
2097	170.336892020131
2098	194.320809360317
2099	191.084726700502
2100	159.508644040688
2101	129.332561380874
2102	118.59647872106
2103	132.010396061246
2104	153.724313401432
2105	167.618230741617
2106	164.582148081803
2107	143.596065421989
2108	110.829982762175
2109	82.1639001023605
2110	69.8278174425463
2111	72.8717347827323
2112	88.8256521229182
2113	115.479569463104
2114	141.81348680329
2115	158.647404143475
2116	173.871321483661
2117	191.455238823847
2118	205.039156164033
2119	214.083073504219
2120	225.526990844405
2121	250.20090818459
2122	285.074825524776
2123	313.788742864962
2124	327.552660205148
2125	320.966577545334
2126	289.790494885519
2127	242.274412225705
2128	198.458329565891
2129	155.662246906077
2130	104.976164246263
2131	55.3300815864486
2132	19.1939989266343
2133	12.9879162668203
2134	40.6318336070058
2135	84.9757509471915
2136	92.7796682873773
2137	56.1235856275634
2138	45.687502967749
2139	52.231420307935
2140	27.465337648121
2141	16.4592549883064
2142	33.8731723284923
2143	1.86708966867855
2144	-65.9670959887676
2145	-96.7280203948858
2146	-94.008944801004
2147	-64.5298692071219
2148	17.0292063867596
2149	113.928281980641
2150	157.097357574523
2151	176.416433168406
2152	193.415508762287
2153	156.324584356169
2154	101.593659950051
2155	120.592735543933
2156	174.121811137814
2157	213.050886731696
2158	256.249962325578
2159	298.949037919459
2160	309.468113513341
2161	267.047189107223
2162	176.326264701105
2163	79.7253402949868
2164	6.48441588886863
2165	-28.6665085172494
2166	-14.5774329233677
2167	43.3216426705144
2168	108.600718264396
2169	149.589793858278
2170	153.04886945216
2171	161.117945046041
2172	193.967020639923
2173	199.366096233805
2174	182.805171827687
2175	187.104247421568
2176	180.96332301545
2177	151.972398609332
2178	157.871474203214
2179	181.990549797095
2180	174.109625390978
2181	194.88870098486
2182	249.977776578741
2183	221.006852172623
2184	135.855927766505
2185	96.2450033603868
2186	94.9140789542685
2187	109.59315454815
2188	133.822230142032
2189	152.541305735914
2190	143.670381329795
2191	84.0294569236771
2192	-3.061467482441
2193	-41.3623918885592
2194	-14.4733162946768
2195	50.4657592992048
2196	96.4048348930864
2197	126.143910486968
2198	199.23298608085
2199	255.812061674732
2200	236.361137268614
2201	214.360212862495
2202	213.249288456377
2203	198.618364050259
2204	191.077439644141
2205	204.746515238022
2206	200.635590831904
2207	170.024666425786
2208	131.533742019668
2209	96.5228176135502
2210	83.4118932074316
2211	119.970968801314
2212	172.240044395195
2213	180.549119989077
2214	145.018195582959
2215	84.4872711768408
2216	24.2763467707223
2217	-15.2245776353957
2218	-15.655502041514
2219	43.5635735523679
2220	122.98264914625
2221	134.561724740131
2222	115.390800334013
2223	113.739875927895
2224	84.618951521777
2225	33.3280271156586
2226	9.61710270954063
2227	8.34617830342222
2228	11.9052538973042
2229	16.5543294911859
2230	27.3234050850679
2231	44.3524806789496
2232	45.4015562728314
2233	43.9606318667129
2234	91.1297074605945
2235	145.498783054476
2236	157.887858648358
2237	172.87693424224
2238	193.076009836122
2239	178.865085430004
2240	157.504161023886
2241	154.023236617767
2242	146.322312211649
2243	131.621387805531
2244	122.730463399413
2245	130.549538993295
2246	152.308614587177
2247	168.037690181058
2248	165.87676577494
2249	151.665841368822
2250	161.654916962704
2251	190.843992556586
2252	200.113068150467
2253	199.932143744349
2254	194.981219338231
2255	153.780294932113
2256	98.3993705259945
2257	76.0684461198762
2258	90.9175217137581
2259	129.61659730764
2260	170.715672901522
2261	208.954748495404
2262	239.843824089285
2263	244.612899683167
2264	237.821975277049
2265	249.671050870931
2266	260.110126464813
2267	246.299202058694
2268	198.478277652576
2269	136.787353246458
2270	91.8964288403399
2271	64.4955044342219
2272	75.3545800281036
2273	153.723655621985
2274	216.112731215867
2275	210.281806809749
2276	195.90088240363
2277	184.579957997512
2278	164.329033591394
2279	152.168109185276
2280	144.967184779157
2281	115.58626037304
2282	41.9053359669215
2283	-60.3655884391965
2284	-116.386512845315
2285	-111.097437251433
2286	-68.9183616575515
2287	-6.95928606366942
2288	57.9597895302122
2289	106.578865124094
2290	119.297940717976
2291	95.1670163118574
2292	62.6560919057392
2293	28.915167499621
2294	-10.5557569064968
2295	-48.7466813126152
2296	-63.1176057187331
2297	-25.9085301248515
2298	36.6905454690304
2299	100.319621062912
2300	174.918696656794
2301	223.807772250676
2302	199.776847844557
2303	117.865923438439
2304	28.6649990323208
2305	-8.26592537379702
2306	-16.7468497799155
2307	-3.97777418603391
2308	83.3013014078479
2309	173.14037700173
2310	185.749452595612
2311	214.888528189494
2312	260.407603783376
2313	236.816679377258
2314	180.455754971139
2315	135.694830565021
2316	111.153906158903
2317	143.852981752785
2318	249.942057346666
2319	369.141132940548
2320	443.58020853443
2321	426.669284128312
2322	298.848359722193
2323	124.207435316075
2324	30.4065109099574
2325	3.62558650383926
2326	9.46466209772098
2327	65.5937376916027
2328	108.932813285484
2329	77.4318888793664
2330	58.700964473248
2331	85.2000400671295
2332	122.269115661012
2333	178.448191254893
2334	228.177266848775
2335	197.706342442657
2336	141.105418036539
2337	112.364493630421
2338	50.8135692243027
2339	-3.85735518181582