250	94.0865650020114
251	103.32449437676
252	81.0524237515083
253	56.3803531262565
254	36.9982825010056
255	24.3562118757536
256	15.9341412505028
257	8.74207062525056
258	0
259	-11.9520706252506
260	-25.2641412505027
261	-36.916211875754
262	-45.098282501006
263	-50.1003531262568
264	-51.8124237515085
265	-46.5444943767598
266	-29.7465650020113
267	-5.40863562726281
268	15.5692937474851
269	26.1072231222342
270	29.2151524969822
271	30.5330818717312
272	33.4610112464798
273	38.0889406212282
274	43.2568699959766
275	48.5447993707257
276	54.1127287454747
277	57.6706581202225
278	55.7685874949721
279	50.9265168697202
280	50.3144462444689
281	54.9128946751116
282	57.078956134178
283	57.8250175932444
284	58.0910790523103
285	60.6771405113768
286	64.9732019704434
287	65.6292634295096
288	58.0253248885756
289	45.0913863476417
290	33.3574478067085
291	27.2635092657756
292	27.6795707248421
293	32.3956321839078
294	36.1816936429741
295	36.9877551020409
296	38.0938165611069
297	41.6698780201732
298	45.6659394792396
299	47.1820009383055
300	47.0680623973731
301	47.4841238564395
302	48.0201853155058
303	46.3162467745715
304	40.692308233638
305	31.7883696927047
306	20.9344311517707
307	8.31049261083717
308	-2.68344593009715
309	-5.95738447103031
310	0.598676988036459
311	12.144738447103
312	23.3507999061694
313	30.4768613652359
314	30.7429228243018
315	25.2289842833679
316	17.5450457424349
317	10.3411072015006
318	6.62716866056689
319	9.80323011963446
320	19.4592915787007
321	32.6353530377673
322	44.3214144968333
323	48.2474759558991
324	42.0835374149656
325	33.0995988740324
326	28.8856603330987
327	29.6217217921649
328	31.6877832512309
329	34.8238447102985
330	42.0199061693647
331	54.6659676284307
332	65.9220290874973
333	66.1480905465633
334	55.5941520056294
335	45.9502134646964
336	45.7562749237622
337	50.9023363828283
338	54.8883978418953
339	57.484459300962
340	62.9305207600282
341	73.6365822190946
342	86.8626436781606
343	98.7487051372273
344	106.850072718743
345	111.320072718742
346	113.140072718743
347	111.370072718742
348	104.510072718743
349	93.6300727187427
350	81.6500727187431
351	71.6500727187431
352	64.9700727187428
353	60.8500727187429
354	59.5900727187427
355	62.7900727187425
356	69.2600727187428
357	75.6100727187422
358	78.6900727187431
359	78.1700727187426
360	76.1400727187429
361	74.8600727187422
362	74.9000727187431
363	74.6400727187429
364	73.0000727187426
365	71.2900727187425
366	70.9900727187423
367	71.4400727187431
368	69.2100727187426
369	61.4100727187424
370	48.1000727187429
371	30.0000727187426
372	9.41007271874241
373	-7.0999272812569
374	-13.3899272812578
375	-9.77992728125719
376	0.930072718742849
377	15.6400727187429
378	31.4000727187431
379	45.4100727187424
380	54.730072718743
381	56.8200727187423
382	53.310072718743
383	48.020072718743
384	44.1900727187431
385	44.0900727187427
386	49.3200727187423
387	59.2900727187425
388	73.0400727187425
389	91.230072718743
390	115.560072718743
391	144.010072718743
392	167.770072718743
393	178.980072718743
394	178.330072718742
395	169.340072718743
396	155.120072718742
397	138.300072718743
398	122.170072718743
399	111.970072718743
400	112.600072718743
401	122.830072718742
402	138.240072718742
403	153.870072718742
404	164.800072718743
405	168.520072718743
406	169.610072718742
407	173.070072718742
408	178.010072718743
409	180.660072718742
410	178.780072718742
411	171.430072718743
412	157.950072718742
413	140.720072718743
414	123.950072718742
415	114.770072718743
416	121.060072718743
417	142.650072718743
418	165.970072718743
419	179.52373121314
420	185.351714257281
421	187.409697301421
422	183.307680345562
423	166.755663389703
424	137.733646433843
425	110.031629477984
426	96.8496125221245
427	96.127595566265
428	99.4455786104063
429	101.263561654547
430	99.6315446986873
431	93.9295277428282
432	85.8575107869683
433	76.605493831109
434	66.2434768752501
435	55.6214599193909
436	47.4494429635315
437	45.3374260076716
438	50.6654090518132
439	58.8933920959535
440	65.4813751400943
441	71.1293581842347
442	79.487341228375
443	91.7853242725159
444	104.853307316656
445	115.911290360797
446	127.359273404938
447	143.487256449079
448	162.425239493219
449	175.44322253736
450	176.921205581501
451	171.719188625641
452	167.057171669782
453	163.935154713923
454	158.173137758064
455	148.151120802204
456	138.149103846345
457	133.107086890485
458	133.975069934626
459	138.593052978767
460	143.011036022907
461	144.839019067048
462	144.957002111189
463	145.84498515533
464	147.75296819947
465	147.320951243611
466	142.098934287752
467	135.396917331892
468	132.444900376033
469	134.132883420174
470	136.460866464315
471	136.348849508455
472	134.576832552596
473	132.734815596737
474	129.972798640877
475	123.730781685018
476	114.938764729159
477	109.806747773299
478	112.59473081744
479	118.28271386158
480	120.520696905721
481	121.708679949863
482	128.876662994004
483	142.624646038144
484	155.112629082285
485	160.990612126426
486	164.318595170566
487	169.796578214707
488	175.784561258847
489	177.692544302988
490	175.670527347129
491	176.198510391269
492	183.85649343541
493	194.564476479551
494	202.022459523691
495	204.340442567832
496	203.588425611973
497	201.586408656113
498	197.644391700254
499	190.482374744395
500	183.070357788535
501	180.258340832676
502	183.406323876817
503	190.544306920958
504	197.232289965098
505	196.750273009239
506	186.088256053379
507	174.45623909752
508	172.554222141661
509	179.982205185802
510	189.720188229942
511	198.658171274083
512	209.126154318224
513	221.524137362364
514	229.012120406504
515	224.910103450646
516	210.988086494786
517	193.016069538927
518	174.994052583068
519	160.392035627208
520	152.620018671349
521	150.54800171549
522	150.895984759631
523	150.773967803771
524	148.461950847912
525	143.909933892052
526	137.857916936193
527	130.035899980334
528	120.073883024475
529	109.281866068615
530	101.829849112755
531	102.117832156896
532	109.795815201037
533	119.623798245178
534	127.721781289319
535	134.419764333459
536	140.5677473776
537	145.915730421741
538	149.943713465881
539	153.311696510022
540	157.869679554163
541	164.407662598303
542	171.325645642443
543	176.603628686585
544	179.911611730725
545	182.029594774865
546	183.827577819006
547	185.635560863147
548	187.403543907288
549	189.041526951429
550	191.019509995569
551	193.51749303971
552	195.59547608385
553	195.153459127991
554	190.821442172132
555	183.899425216273
556	176.927408260413
557	170.375391304554
558	163.233374348694
559	155.701357392835
560	149.729340436976
561	146.647323481116
562	146.275306525257
563	148.463289569398
564	153.281272613539
565	158.719255657679
566	161.95723870182
567	162.99522174596
568	164.183204790102
569	166.261187834242
570	166.549170878383
571	162.737153922523
572	157.365136966664
573	154.243120010805
574	152.631103054945
575	148.249086099086
576	139.327069143226
577	130.045052187367
578	125.213035231508
579	122.931018275649
580	118.419001319789
581	111.89698436393
582	108.384967408071
583	109.862950452211
584	110.770933496352
585	105.128916540492
586	94.1568995846337
587	81.9748826287741
588	69.5328656729143
589	54.6408487170556
590	37.4588317611961
591	23.2968148053369
592	17.0547978494778
593	18.3727808936183
594	25.4007639377587
595	37.588746981899
596	55.2567300260398
597	74.5847130701804
598	87.7126961143213
599	90.5006791584619
600	86.8686622026025
601	81.2366452467431
602	74.1946282908839
603	65.3626113350247
604	58.8905943791651
605	61.6485774233061
606	73.5965604674466
607	86.2045435115879
608	93.9925265557285
609	100.820509599869
610	111.21849264401
611	124.61647568815
612	138.600304344207
613	152.9897375769
614	169.189170809592
615	186.388604042284
616	200.498037274977
617	207.867470507669
618	207.986903740361
619	201.486336973054
620	190.465770205747
621	177.845203438439
622	164.414636671131
623	147.894069903824
624	126.933503136516
625	104.892936369208
626	86.2523696019007
627	73.331802834593
628	66.8112360672858
629	66.8306692999777
630	74.040102532671
631	87.439535765363
632	100.018968998055
633	104.668402230747
634	102.44783546344
635	97.6972686961326
636	91.9267019288245
637	84.0161351615179
638	74.9555683942099
639	69.7850016269012
640	71.0244348595943
641	70.0738680922868
642	57.8433013249796
643	45.9127345576717
644	56.6921677903647
645	92.9516010230573
646	133.91103425575
647	164.430467488441
648	187.329900721134
649	206.189333953826
650	211.838767186518
651	191.538200419212
652	149.867633651904
653	105.347066884597
654	69.8665001172876
655	43.6459333499806
656	25.4953665826733
657	12.714799815365
658	2.32423304805798
659	-6.73633371924916
660	-14.2569004865572
661	-18.2074672538656
662	-14.5080340211725
663	-1.60860078848054
664	15.3008324442126
665	30.6902656769053
666	43.8396989095972
667	55.7491321422904
668	66.838565374982
669	76.907998607674
670	84.6174318403664
671	86.8268650730588
672	81.8062983057516
673	73.515731538444
674	66.8851647711372
675	63.4745980038297
676	63.0640312365213
677	65.9334644692135
678	73.1728977019056
679	84.1323309345989
680	94.201764167291
681	98.5111973999838
682	93.8106306326763
683	78.0900638653675
684	57.2894970980606
685	42.1489303307526
686	37.8883635634456
687	42.4998121547469
688	53.5378097445873
689	69.795807334428
690	89.3438049242686
691	107.001802514109
692	116.63980010395
693	115.95779769379
694	105.735795283631
695	88.8437928734711
696	71.4217904633115
697	58.3397880531529
698	49.4377856429928
699	43.7857832328327
700	42.8337808226743
701	48.8317784125147
702	59.7097760023553
703	69.3277735921947
704	74.3457711820365
705	77.093768771877
706	79.8417663617165
707	81.8897639515581
708	81.9777615413987
709	81.1157591312385
710	81.4537567210791
711	84.0417543109197
712	88.6397519007605
713	94.1977494906005
714	98.2157470804414
715	98.7837446702824
716	97.701742260122
717	97.5797398499626
718	98.2577374398034
719	97.9457350296443
720	96.4037326194839
721	95.2817302093254
722	95.1697277991661
723	93.597725389006
724	87.9957229788461
725	78.5237205686872
726	66.4417181585277
727	53.9197157483677
728	43.3077133382094
729	35.3857109280498
730	29.4337085178895
731	25.6817061077309
732	26.0297036975708
733	31.7877012874114
734	41.6556988772518
735	53.9136964670925
736	67.5216940569335
737	81.3696916467734
738	93.2676892366144
739	99.7356868264551
740	98.6736844162951
741	92.0716820061352
742	82.5696795959766
743	72.7676771858169
744	65.1456747756574
745	61.3436723654986
746	62.4016699553385
747	68.1196675451793
748	76.4476651350187
749	85.9956627248603
750	97.5536603147002
751	111.511657904541
752	123.979655494382
753	129.917653084222
754	128.975650674062
755	124.163648263903
756	116.931645853744
757	106.459643443584
758	93.507641033425
759	83.5956386232656
760	81.7336362131064
761	85.5416338029463
762	90.3296313927867
763	95.0476289826274
764	100.795626572468
765	106.913624162308
766	111.09162175215
767	112.589619341989
768	113.21761693183
769	114.215614521671
770	115.693612111511
771	118.601609701352
772	122.759607291192
773	125.547604881033
774	125.315602470873
775	124.143600060714
776	124.471597650555
777	125.749595240395
778	126.127592830236
779	124.815590420076
780	122.583588009917
781	120.611585599757
782	119.319583189597
783	117.517580779439
784	112.955578369279
785	104.833575959119
786	94.971573548959
787	85.499571138801
788	78.7175687286408
789	76.8755663184811
790	80.2035639083224
791	87.791561498163
792	99.3395590880027
793	115.337556677843
794	134.425554267685
795	151.383551857524
796	161.611549447365
797	165.179547037206
798	164.127544627047
799	164.805542216886
800	174.353539806727
801	190.711537396568
802	204.439534986408
803	211.247532576249
804	214.96553016609
805	217.26352775593
806	211.32152534577
807	191.419522935611
808	166.937520525452
809	151.985518115292
810	151.633515705133
811	164.551513294973
812	186.049510884814
813	207.687508474654
814	221.545506064495
815	221.903503654336
816	206.681501244176
817	186.709498834016
818	174.947496423857
819	177.295494013697
820	196.003491603537
821	226.361489193378
822	257.269486783219
823	278.347484373059
824	281.1154819629
825	262.15347955274
826	232.961477142581
827	206.539474732422
828	186.607472322263
829	172.955469912103
830	163.513467501944
831	154.971465091783
832	143.469462681624
833	125.307460271465
834	101.715457861305
835	83.5734554511464
836	80.1914530409867
837	91.0594506308271
838	113.257448220667
839	139.935445810508
840	161.433443400349
841	174.141440990189
842	180.98943858003
843	183.43743616987
844	179.59543375971
845	169.733431349552
846	161.431428939392
847	161.489426529232
848	165.527424119073
849	166.105421708914
850	163.303419298754
851	161.441416888594
852	160.889414478435
853	158.227412068276
854	152.935409658116
855	149.463407247957
856	150.951404837798
857	155.059402427638
858	158.907400017478
859	161.615397607319
860	162.48339519716
861	160.621392786999
862	155.75939037684
863	150.017387966681
864	147.485385556522
865	149.703383146361
866	153.681380736203
867	157.329378326043
868	161.937375915883
869	168.265373505724
870	172.563371095564
871	170.191368685405
872	162.979366275245
873	157.537363865086
874	155.955361454927
875	154.103359044767
876	150.691356634608
877	152.159354224448
878	163.107351814288
879	175.185349404129
880	177.84334699397
881	173.591344583811
882	171.249342173651
883	170.547339763492
884	163.595337353332
885	148.983334943173
886	134.831332533013
887	126.249330122854
888	119.387327712694
889	110.185325302535
890	99.6333228923759
891	90.3213204822159
892	84.0393180720566
893	81.8573156618968
894	85.975313251738
895	100.143310841578
896	122.671308431418
897	143.09930602126
898	154.857303611099
899	163.76530120094
900	175.35329879078
901	183.661296380621
902	180.729293970461
903	171.057291560302
904	165.095289150143
905	164.013286739983
906	161.051284329824
907	153.679281919663
908	146.327279509505
909	142.515277099345
910	141.043274689186
911	139.311272279027
912	135.199269868867
913	128.267267458707
914	122.285265048548
915	121.243262638389
916	124.641260228229
917	129.929257818069
918	136.78725540791
919	146.405252997751
920	156.833250587591
921	160.881248177432
922	154.269245767273
923	142.887243357112
924	133.365240946953
925	126.873238536794
926	123.061236126635
927	121.229233716474
928	119.967231306316
929	117.665228896156
930	113.373226485996
931	106.481224075837
932	95.5492216656776
933	80.5272192555185
934	67.4652168453586
935	62.2632144351992
936	62.6012120250398
937	63.83920961488
938	65.8772072047204
939	70.8952047945613
940	78.8032023844016
941	87.4411999742424
942	94.9391975640838
943	100.207195153924
944	103.745192743764
945	109.363190333605
946	118.461187923445
947	121.629185513286
948	109.767183103126
949	92.1051806929672
950	83.4931782828071
951	83.4811758726473
952	82.5191734624887
953	79.097171052329
954	79.8351686421693
955	85.9631662320098
956	89.3611638218508
957	84.3391614116908
958	74.3971590015317
959	64.9751565913721
960	62.4431541812128
961	72.0711517710533
962	89.9791493608936
963	108.557146950734
964	125.395144540575
965	141.983142130415
966	157.061139720257
967	165.939137310096
968	166.277134899937
969	160.365132489777
970	150.533130079618
971	137.331127669459
972	121.109125259299
973	103.06712284914
974	84.4851204389797
975	67.5631180288201
976	55.4811156186606
977	49.9991132085015
978	50.9271107983423
979	54.7551083881826
980	55.0831059780239
981	49.9911035678642
982	44.9891011577038
983	43.397098747545
984	41.0150963373853
985	35.5530939272257
986	38.8010915170662
987	62.7690891069069
988	91.7070866967479
989	99.2650842865878
990	87.6230818764288
991	78.6010794662689
992	77.9390770561095
993	73.8270746459502
994	64.0850722357909
995	63.6030698256309
996	80.6010674154713
997	102.539065005312
998	117.347062595153
999	127.905060184993
1000	140.063057774833
1001	153.361055364675
1002	164.189052954515
1003	166.947050544355
1004	155.635048134196
1005	131.863045724037
1006	103.941043313877
1007	76.8790409037174
1008	51.3170384935584
1009	29.9950360833991
1010	19.677842175809
1011	22.8992399074277
1012	27.8006376390458
1013	22.8920353706626
1014	12.6934331022812
1015	5.81483083389867
1016	4.50622856551672
1017	8.30762629713445
1018	17.1190240287524
1019	30.3904217603704
1020	46.2318194919881
1021	61.6432172236055
1022	74.4246149552237
1023	83.6460126868415
1024	88.9174104184594
1025	91.3188081500775
1026	91.5502058816955
1027	87.5816036133128
1028	77.5830013449313
1029	67.3143990765493
1030	65.5757968081662
1031	73.797194539784
1032	87.7285922714027
1033	102.45999000302
1034	113.981387734638
1035	120.042785466256
1036	118.374183197874
1037	108.985580929491
1038	99.7169786611094
1039	98.7383763927273
1040	108.549774124344
1041	128.131171855963
1042	149.982569587581
1043	166.353967319199
1044	175.255365050816
1045	176.476762782435
1046	170.768160514052
1047	160.43955824567
1048	148.540955977288
1049	138.022353708906
1050	129.543751440523
1051	120.975149172142
1052	111.95654690376
1053	105.807944635378
1054	105.649342366995
1055	112.580740098613
1056	126.842137830231
1057	146.833535561848
1058	170.584933293467
1059	194.816331025085
1060	215.107728756702
1061	226.70912648832
1062	225.610524219938
1063	213.231921951557
1064	195.003319683174
1065	175.824717414792
1066	160.70611514641
1067	152.357512878027
1068	148.288910609645
1069	145.250308341263
1070	140.91170607288
1071	134.073103804499
1072	125.194501536117
1073	114.785899267735
1074	104.447296999352
1075	96.4286947309702
1076	91.3800924625884
1077	88.8214901942056
1078	90.9528879258232
1079	102.074285657442
1080	118.19568338906
1081	126.457081120677
1082	123.688478852295
1083	121.619876583914
1084	125.96127431553
1085	127.582672047149
1086	120.064069778767
1087	110.885467510384
1088	108.396865242002
1089	112.17826297362
1090	119.479660705239
1091	130.071058436855
1092	144.632456168474
1093	158.903853900092
1094	165.535251631709
1095	160.856649363327
1096	144.808047094945
1097	120.619444826562
1098	94.210842558181
1099	71.9222402897985
1100	61.0236380214174
1101	64.8550357530339
1102	77.796433484652
1103	93.4678312162705
1104	107.389228947887
1105	116.860626679506
1106	124.302024411124
1107	132.583422142741
1108	141.24481987436
1109	148.566217605978
1110	150.397615337595
1111	141.939013069213
1112	127.500410800831
1113	117.201808532449
1114	113.053206264066
1115	109.954603995684
1116	108.226001727302
1117	114.717399458919
1118	130.328797190537
1119	145.780194922156
1120	155.231592653774
1121	162.402990385392
1122	170.22438811701
1123	175.455785848628
1124	174.867183580244
1125	169.968581311863
1126	163.239979043481
1127	155.631376775099
1128	147.582774506716
1129	140.984172238334
1130	138.345569969953
1131	139.75696770157
1132	143.448365433188
1133	147.949763164806
1134	152.211160896423
1135	156.042558628042
1136	160.163956359659
1137	165.295354091278
1138	172.266751822895
1139	181.708149554513
1140	193.679547286131
1141	207.690945017748
1142	221.782342749367
1143	234.163740480984
1144	245.285138212602
1145	255.63653594422
1146	261.957933675838
1147	260.099331407456
1148	251.060729139073
1149	238.592126870692
1150	225.733524602309
1151	214.634922333927
1152	206.976320065545
1153	204.347717797163
1154	208.13911552878
1155	219.220513260399
1156	237.141910992016
1157	259.803308723634
1158	284.224706455252
1159	305.85610418687
1160	321.037501918488
1161	329.128899650105
1162	330.220297381724
1163	325.181695113341
1164	316.18309284496
1165	310.614490576577
1166	315.555888308195
1167	326.627286039813
1168	335.548683771431
1169	337.820081503049
1170	331.021479234667
1171	313.282876966284
1172	283.524274697902
1173	249.09567242952
1174	223.907070161138
1175	211.628467892756
1176	205.139865624374
1177	200.521263355991
1178	198.772661087609
1179	199.294058819227
1180	198.095456550845
1181	193.486854282462
1182	189.46825201408
1183	188.629649745699
1184	187.521047477317
1185	182.372445208934
1186	172.423842940552
1187	157.98524067217
1188	141.396638403788
1189	125.628036135406
1190	113.919433867024
1191	109.190831598641
1192	110.852229330259
1193	116.653627061877
1194	125.115024793496
1195	135.166422525112
1196	144.237820256731
1197	148.579217988349
1198	144.400615719966
1199	128.052013451585
1200	102.213411183202
1201	77.4248089148205
1202	60.4962066464377
1203	51.5576043780557
1204	50.6090021096743
1205	58.6203998412911
1206	74.0917975729089
1207	89.0631953045277
1208	96.7545930361448
1209	97.0459907677623
1210	92.2573884993808
1211	88.6587862309989
1212	91.2501839626166
1213	95.2315816942346
1214	94.3129794258521
1215	90.3243771574698
1216	87.5457748890876
1217	86.8571726207056
1218	87.6385703523229
1219	88.6599680839408
1220	88.6313658155595
1221	90.3327635471778
1222	98.9541612787943
1223	110.615559010413
1224	113.956956742031
1225	109.248354473648
1226	108.939752205266
1227	117.451149936885
1228	128.422547668501
1229	138.17394540012
1230	148.175343131737
1231	158.016740863356
1232	162.948138594973
1233	161.229536326591
1234	159.31093405821
1235	162.212331789827
1236	167.033729521445
1237	170.165127253063
1238	170.886524984681
1239	168.037922716298
1240	154.749320447916
1241	125.370718179534
1242	90.292115911152
1243	63.9335136427699
1244	49.8649113743877
1245	47.0263091060051
1246	55.6877068376234
1247	76.5691045692411
1248	103.680502300859
1249	127.031900032477
1250	141.483297764095
1251	145.884695495713
1252	140.02609322733
1253	124.107490958949
1254	102.788888690567
1255	85.6802864221836
1256	78.0416841538017
1257	79.4030818854199
1258	88.9044796170383
1259	105.815877348656
1260	126.307275080273
1261	141.698672811892
1262	147.050070543509
1263	144.461468275127
1264	136.172866006745
1265	123.984263738363
1266	110.65566146998
1267	100.217059201598
1268	94.9284569332167
1269	92.7298546648335
1270	91.4712523964517
1271	89.96265012807
1272	87.1940478596871
1273	83.3154455913054
1274	79.406843322924
1275	78.6882410545413
1276	83.8296387861592
1277	90.4710365177771
1278	92.7224342493955
1279	92.3238319810125
1280	93.5952297126305
1281	95.0366274442486
1282	92.9980251758661
1283	89.3194229074843
1284	88.5508206391023
1285	92.0522183707199
1286	99.1036161023376
1287	104.815013833955
1288	101.406411565574
1289	92.5678092971912
1290	91.8892070288093
1291	101.490604760427
1292	111.772002492045
1293	120.613400223662
1294	134.534797955281
1295	151.816195686899
1296	160.187593418516
1297	154.768991150134
1298	141.550388881752
1299	125.77178661337
1300	110.823184344988
1301	99.4245820766055
1302	92.5659798082233
1303	89.1673775398413
1304	85.5387752714596
1305	78.6301730030773
1306	66.5915707346949
1307	49.6729684663123
1308	33.9143661979306
1309	24.2657639295476
1310	18.9571616611665
1311	16.8592399070503
1312	21.5724599178593
1313	35.0256799286681
1314	51.2188999394766
1315	63.8421199502855
1316	73.4053399610939
1317	81.8285599719029
1318	89.1817799827113
1319	95.4349999935203
1320	102.118220004329
1321	111.411440015137
1322	127.694660025946
1323	154.667880036754
1324	185.551100047563
1325	210.204320058372
1326	224.767540069181
1327	228.700760079989
1328	223.593980090797
1329	211.907200101607
1330	200.260420112415
1331	196.613640123224
1332	196.476860134032
1333	188.620080144841
1334	171.78330015565
1335	152.276520166459
1336	143.359740177267
1337	159.822960188077
1338	189.326180198885
1339	202.949400209694
1340	199.712620220502
1341	198.095840231311
1342	193.58906024212
1343	164.932280252928
1344	123.115500263736
1345	105.868720274546
1346	116.331940285354
1347	124.875160296163
1348	120.168380306971
1349	109.99160031778
1350	99.5348203285885
1351	90.9180403393975
1352	85.1812603502058
1353	81.7844803610151
1354	80.9577003718232
1355	84.5509203826314
1356	91.6541403934398
1357	97.3073604042493
1358	100.200580415058
1359	104.123800425867
1360	107.977020436675
1361	103.860240447484
1362	91.4534604582923
1363	82.2866804691012
1364	81.3299004799092
1365	82.0731204907188
1366	82.4063405015277
1367	88.4995605123358
1368	100.152780523144
1369	105.226000533953
1370	99.7392205447622
1371	96.9824405555701
1372	103.325660566379
1373	107.948880577188
1374	105.622100587997
1375	106.545320598805
1376	115.978540609613
1377	124.911760620423
1378	127.814980631231
1379	130.20820064204
1380	134.111420652848
1381	130.644640663658
1382	115.217860674466
1383	96.6810806852745
1384	83.5243006960827
1385	78.9775207068924
1386	84.0407407177008
1387	95.343960728509
1388	108.327180739318
1389	117.190400750127
1390	116.773620760935
1391	105.316840771744
1392	84.2100607825523
1393	60.1632807933611
1394	38.6065008041696
1395	20.039720814978
1396	5.30294082578712
1397	-2.45383916340415
1398	-6.19152595390915E-4
1399	16.0504100714415
1400	45.6844073928214
1401	77.7484047141998
1402	101.932402035579
1403	116.656399356958
1404	121.370396678338
1405	114.754393999717
1406	99.358391321096
1407	89.6923886424756
1408	96.2063859638547
1409	110.320383285234
1410	123.234380606614
1411	136.148377927992
1412	149.012375249372
1413	152.406372570752
1414	140.480369892131
1415	123.764367213509
1416	112.448364534888
1417	106.942361856268
1418	105.016359177647
1419	101.430356499027
1420	93.0843538204063
1421	86.458351141785
1422	87.0823484631646
1423	90.316345784544
1424	92.4303431059234
1425	100.174340427302
1426	117.078337748681
1427	128.882335070061
1428	128.666332391441
1429	143.19032971282
1430	190.364327034198
1431	242.258324355577
1432	272.502321676957
1433	284.676318998336
1434	283.990316319715
1435	263.754313641095
1436	224.358310962474
1437	191.692308283853
1438	186.106305605233
1439	201.910302926612
1440	227.024300247991
1441	243.738297569371
1442	241.45229489075
1443	229.236292212129
1444	216.610289533508
1445	207.134286854887
1446	203.758284176266
1447	209.802281497646
1448	224.686278819025
1449	239.810276140404
1450	250.084273461784
1451	258.918270783163
1452	268.542268104542
1453	277.956265425922
1454	285.500262747301
1455	288.20426006868
1456	285.96825739006
1457	284.582254711439
1458	287.206252032817
1459	291.080249354197
1460	294.014246675576
1461	295.178243996956
1462	292.482241318335
1463	282.456238639714
1464	263.780235961093
1465	238.024233282473
1466	212.568230603852
1467	203.322227925231
1468	212.436225246611
1469	222.21022256799
1470	224.934219889369
1471	227.238217210748
1472	229.232214532128
1473	223.296211853506
1474	212.970209174886
1475	212.604206496265
1476	221.068203817644
1477	222.902201139023
1478	211.726198460403
1479	188.240195781782
1480	156.544193103161
1481	126.458190424541
1482	107.40218774592
1483	105.136185067299
1484	117.790182388679
1485	139.914179710058
1486	167.408177031437
1487	194.962174352817
1488	212.806171674195
1489	211.530168995574
1490	199.444166316954
1491	192.548163638333
1492	189.452160959712
1493	181.546158281091
1494	174.400155602471
1495	178.16415292385
1496	187.248150245229
1497	190.972147566609
1498	190.416144887989
1499	189.230142209368
1500	179.664139530747
1501	153.668136852126
1502	121.602134173505
1503	96.5261314948839
1504	77.290128816263
1505	61.684126137643
1506	59.1181234590222
1507	76.3921207804015
1508	99.5661181017804
1509	115.19011542316
1510	128.044112744539
1511	142.668110065919
1512	151.092107387298
1513	148.536104708677
1514	144.740102030057
1515	143.634099351436
1516	130.228096672814
1517	99.1020939941936
1518	70.1060913155725
1519	55.7100886369526
1520	49.4540859583312
1521	47.3480832797104
1522	51.5920806010899
1523	60.7660779224698
1524	68.6700752438492
1525	72.0640725652283
1526	71.4280698866078
1527	69.5120672079865
1528	72.1360645293662
1529	78.1600618507455
1530	78.2340591721249
1531	68.4680564935034
1532	51.5420538148828
1533	35.3160511362621
1534	30.0100484576415
1535	32.3940457790204
1536	31.5980431004
1537	30.8820404217786
1538	39.9160377431581
1539	50.5900350645379
1540	47.8640323859172
1541	35.3080297072966
1542	24.4520270286757
1543	22.7860243500545
1544	35.570021671434
1545	64.1540189928137
1546	107.618016314192
1547	161.232013635571
1548	216.786010956951
1549	255.99000827833
1550	265.204005599709
1551	255.768002921089
1552	241.632000242468
1553	228.085997563847
1554	217.089994885227
1555	207.533992206606
1556	198.067989527985
1557	187.041986849365
1558	177.668351456266
1559	181.658662686432
1560	202.338973916598
1561	229.479285146762
1562	255.839596376927
1563	278.829907607092
1564	292.490218837257
1565	287.840530067422
1566	265.040841297588
1567	232.441152527752
1568	199.851463757917
1569	177.241774988081
1570	164.402086218248
1571	155.802397448412
1572	156.602708678577
1573	174.953019908742
1574	199.503331138908
1575	213.683642369073
1576	220.783953599238
1577	229.044264829403
1578	235.534576059567
1579	236.874887289733
1580	241.105198519898
1581	253.725509750063
1582	263.765820980228
1583	263.446132210393
1584	261.436443440558
1585	263.296754670723
1586	262.727065900888
1587	261.027377131053
1588	275.107688361218
1589	306.317999591383
1590	331.678310821549
1591	343.348622051713
1592	353.308933281878
1593	364.169244512043
1594	368.789555742209
1595	369.509866972373
1596	375.670178202538
1597	384.910489432703
1598	387.750800662868
1599	382.061111893034
1600	369.741423123199
1601	352.701734353363
1602	332.842045583528
1603	312.262356813693
1604	292.222668043859
1605	269.722979274024
1606	242.283290504189
1607	213.453601734353
1608	186.103912964519
1609	157.714224194684
1610	127.914535424849
1611	103.114846655014
1612	89.9351578851783
1613	93.5254691153441
1614	111.835780345509
1615	133.706091575674
1616	151.606402805839
1617	162.336714036003
1618	163.277025266169
1619	153.317336496334
1620	138.947647726499
1621	130.797958956664
1622	133.348270186829
1623	146.928581416994
1624	162.878892647159
1625	170.009203877324
1626	169.079515107489
1627	163.529826337654
1628	148.44013756782
1629	120.210448797984
1630	88.1207600281496
1631	61.901071258314
1632	45.291382488479
1633	38.3116937186451
1634	41.0307615010706
1635	46.7117164460005
1636	55.5226713909296
1637	63.3536263358583
1638	61.6245812807874
1639	51.955536225717
1640	44.556491170646
1641	43.3574461155749
1642	47.4884010605037
1643	55.8793560054337
1644	67.6303109503624
1645	81.7812658952907
1646	95.7622208402199
1647	101.08317578515
1648	92.2641307300792
1649	79.6350856750078
1650	71.9760406199366
1651	64.8169955648655
1652	56.107950509795
1653	53.0689054547238
1654	58.0892790679491
1655	61.0219071076708
1656	60.5945351473929
1657	58.2871631871149
1658	55.3497912268358
1659	52.302419266558
1660	45.5650473062797
1661	30.3776753460006
1662	18.960303385722
1663	28.6329314254435
1664	47.845559465165
1665	58.1881875048866
1666	68.8608155446082
1667	91.6534435843305
1668	112.346071624052
1669	119.348699663774
1670	129.091327703495
1671	151.403955743217
1672	169.316583782938
1673	171.87921182266
1674	165.801839862382
1675	155.554467902104
1676	138.577095941825
1677	118.829723981547
1678	106.522352021268
1679	100.10498006099
1680	92.3276081007116
1681	88.0502361404324
1682	93.7628641801548
1683	101.225492219876
1684	102.928120259598
1685	105.00074829932
1686	109.443376339042
1687	105.286004378763
1688	90.6686324184848
1689	81.0712604582059
1690	82.4438884979281
1691	86.8165165376495
1692	92.6391445773716
1693	103.921772617093
1694	112.234400656815
1695	102.487028696536
1696	77.8196567362575
1697	50.8422847759784
1698	31.7149128157007
1699	27.7875408554219
1700	36.4701688951436
1701	50.7127969348658
1702	61.2554249745872
1703	61.7980530143086
1704	51.8506810540302
1705	34.8033090937524
1706	18.685937133474
1707	10.6385651731953
1708	16.3911932129167
1709	24.5238212526392
1710	12.2564492923602
1711	-3.27092266791806
1712	11.6817053718041
1713	33.1057547092614
1714	25.6346503990526
1715	19.7935460888439
1716	43.8424417786355
1717	58.8213374684274
1718	44.9302331582185
1719	49.4291288480108
1720	82.6180245378018
1721	90.5069202275936
1722	69.9258159173851
1723	70.7347116071769
1724	87.5036072969679
1725	80.2625029867595
1726	62.3013986765518
1727	63.8602943663427
1728	60.4491900561343
1729	23.588085745926
1730	-15.0430185642826
1731	-25.9541228744911
1732	-24.7752271846994
1733	-22.8563314949079
1734	-9.67743580511615
1735	14.4714598846758
1736	31.6703555744662
1737	36.0792512642583
1738	34.2481469540498
1739	30.8970426438409
1740	29.5659383336333
1741	35.7748340234248
1742	54.4137297132156
1743	80.2626254030074
1744	106.011521092799
1745	133.81041678259
1746	174.199312472382
1747	243.178208162173
1748	326.687103851965
1749	374.725999541757
1750	370.134895231548
1751	325.11379092134
1752	245.582686611132
1753	139.721582300923
1754	46.7204779907142
1755	8.79937368050651
1756	19.548269370297
1757	55.197165060089
1758	82.0260607498813
1759	82.5849564396722
1760	80.143852129464
1761	85.8927478192554
1762	84.6416435090468
1763	84.0305391988386
1764	112.929434888631
1765	152.298330578422
1766	159.537226268213
1767	148.826121958005
1768	147.835017647796
1769	139.063913337588
1770	112.09280902738
1771	104.321704717171
1772	129.470600406963
1773	151.069496096755
1774	156.498391786546
1775	162.537287476337
1776	166.168663842682
1777	156.638166857615
1778	142.587669872547
1779	137.98717288748
1780	134.076675902412
1781	120.676178917344
1782	106.265681932276
1783	95.575184947209
1784	77.1446879621408
1785	51.8541909770738
1786	40.1036939920068
1787	43.5931970069387
1788	46.6427000218719
1789	48.7522030368036
1790	56.1917060517362
1791	60.4312090666681
1792	54.5407120816008
1793	58.3502150965332
1794	82.4897181114657
1795	99.4692211263991
1796	97.5787241413309
1797	98.6882271562636
1798	104.397730171196
1799	94.4172331861282
1800	77.3467362010606
1801	77.2262392159928
1802	81.355742230925
1803	69.065245245858
1804	55.7147482607897
1805	58.0042512757227
1806	70.4237542906558
1807	86.9132573055876
1808	105.88276032052
1809	124.022263335452
1810	136.551766350385
1811	144.841269365317
1812	153.72077238025
1813	163.640275395182
1814	173.529778410115
1815	183.409281425047
1816	191.538784439979
1817	191.158287454912
1818	181.257790469845
1819	170.907293484777
1820	161.186796499709
1821	144.896299514642
1822	124.065802529574
1823	107.525305544506
1824	107.004808559439
1825	126.534311574372
1826	139.133814589304
1827	130.873317604236
1828	131.002820619169
1829	148.322323634101
1830	158.261826649034
1831	163.861329663966
1832	188.080832678899
1833	209.95033569383
1834	195.759838708764
1835	166.569341723695
1836	149.718844738629
1837	137.508347753561
1838	129.307850768493
1839	149.627353783426
1840	196.076856798358
1841	233.306359813291
1842	256.765862828222
1843	283.545365843155
1844	307.204868858087
1845	310.92437187302
1846	284.663874887952
1847	231.733377902885
1848	176.982880917818
1849	136.38238393275
1850	113.331886947683
1851	114.351389962615
1852	144.020892977548
1853	180.55039599248
1854	195.759899007412
1855	188.419402022344
1856	165.518905037277
1857	137.378408052209
1858	113.887911067142
1859	103.457414082075
1860	107.956917097007
1861	121.69642011194
1862	142.075923126871
1863	166.275426141805
1864	169.854929156736
1865	137.574432171669
1866	113.753935186602
1867	128.033438201534
1868	158.832941216467
1869	195.542444231399
1870	243.951947246332
1871	278.241450261264
1872	259.260953276196
1873	201.510456291128
1874	137.379959306061
1875	90.1894623209937
1876	72.0497267068858
1877	75.8982511518161
1878	92.1967755967471
1879	112.525300041677
1880	120.683824486608
1881	101.082348931538
1882	65.1208733764679
1883	29.419397821398
1884	1.78792226632868
1885	-10.1435532887408
1886	-2.89502884381091
1887	19.6334956011196
1888	49.6220200460493
1889	72.5605444909797
1890	73.19906893591
1891	69.6475933808406
1892	84.7461178257709
1893	112.674642270701
1894	142.783166715632
1895	167.951691160562
1896	186.160215605491
1897	198.658740050422
1898	191.997264495352
1899	153.335788940283
1900	117.444313385213
1901	114.012837830144
1902	115.671362275074
1903	103.369886720004
1904	86.988411164934
1905	69.0069356098643
1906	44.4554600547949
1907	25.4739844997252
1908	27.882508944655
1909	44.6710333895858
1910	67.309557834516
1911	97.3580822794461
1912	127.316606724377
1913	138.385131169307
1914	136.763655614238
1915	142.672180059168
1916	146.140704504098
1917	133.669228949028
1918	121.447753393959
1919	120.916277838889
1920	122.944802283819
1921	113.793326728749
1922	80.2918511736798
1923	39.91037561861
1924	20.78890006354
1925	15.6674245084705
1926	16.7187338983567
1927	42.5194856653302
1928	89.6202374323043
1929	116.340989199278
1930	111.731740966251
1931	92.8124927332246
1932	85.2232445001991
1933	105.773996267172
1934	130.224748034146
1935	141.205499801119
1936	148.386251568093
1937	144.687003335067
1938	108.32775510204
1939	53.2385068690141
1940	9.78925863598806
1941	-5.87998959703873
1942	13.1307621699352
1943	61.6215139369087
1944	127.682265703882
1945	192.053017470856
1946	237.183769237829
1947	247.424521004804
1948	200.155272771777
1949	97.9260245387509
1950	25.6267763057244
1951	17.1975280726983
1952	9.69827983967207
1953	1.07903160664546
1954	32.0197833736192
1955	56.4105351405929
1956	25.0112869075665
1957	0.192038674540072
1958	20.3827904415139
1959	45.6535422084876
1960	55.6042939754611
1961	53.2250457424343
1962	46.8057975094084
1963	46.7065492763822
1964	53.7973010433557
1965	70.6280528103293
1966	105.998804577303
1967	144.549556344277
1968	151.62030811125
1969	140.831059878224
1970	141.741811645197
1971	137.902563412172
1972	115.783315179145
1973	94.0940669461183
1974	80.214818713092
1975	65.0155704800659
1976	58.7463222470396
1977	78.4270740140132
1978	102.297825780987
1979	105.22857754796
1980	88.1493293149342
1981	57.8000810819076
1982	22.4008328488812
1983	-4.43841538414472
1984	-8.07766361717086
1985	9.73308814980237
1986	40.563839916776
1987	72.3145916837498
1988	101.145343450723
1989	133.046095217697
1990	153.366846984671
1991	140.087598751644
1992	104.358350518618
1993	70.4391022855916
1994	68.0498540525655
1995	97.080605819539
1996	121.901357586513
1997	140.172109353486
1998	164.24286112046
1999	167.413612887434
2000	138.364364654407
2001	127.705116421381
2002	146.445868188355
2003	153.086619955328
2004	137.987371722302
2005	114.088123489275
2006	106.538875256249
2007	127.549627023223
2008	153.080378790197
2009	169.95113055717
2010	180.461882324144
2011	174.282634091118
2012	142.473385858091
2013	108.014137625065
2014	93.8248893920386
2015	108.325641159012
2016	147.406392925986
2017	194.12714469296
2018	225.767896459934
2019	229.148648226907
2020	227.329399993881
2021	225.390151760854
2022	192.130903527828
2023	151.991655294802
2024	161.602407061775
2025	181.553158828749
2026	167.103910595722
2027	164.721602093837
2028	192.134916179037
2029	211.238230264235
2030	216.351544349435
2031	217.644858434635
2032	202.718172519835
2033	165.991486605034
2034	123.014800690233
2035	81.7481147754329
2036	44.7914288606326
2037	16.844742945832
2038	0.958057031031785
2039	0.181371116230821
2040	24.7246852014305
2041	92.7179992866299
2042	185.11131337183
2043	256.604627457029
2044	291.897941542228
2045	287.501255627428
2046	242.284569712627
2047	181.187883797827
2048	156.731197883026
2049	170.274511968226
2050	195.327826053426
2051	227.491140138625
2052	258.934454223825
2053	264.197768309024
2054	246.511082394224
2055	233.084396479423
2056	214.307710564623
2057	177.341024649822
2058	151.144338735021
2059	147.047652820221
2060	142.680966905421
2061	147.65428099062
2062	185.34759507582
2063	232.170909161019
2064	259.494223246219
2065	260.447537331418
2066	238.280851416618
2067	202.734165501817
2068	169.417479587017
2069	155.990793672216
2070	173.474107757416
2071	215.067421842615
2072	254.630735927815
2073	280.784050013015
2074	291.327364098214
2075	273.320678183413
2076	230.643992268613
2077	208.167306353812
2078	209.480620439012
2079	201.673934524211
2080	202.167248609411
2081	226.10056269461
2082	223.83387677981
2083	188.687190865009
2084	171.840504950209
2085	177.293819035408
2086	189.637133120608
2087	213.010447205807
2088	240.383761291007
2089	246.217075376207
2090	218.710389461406
2091	159.803703546606
2092	97.7470176318052
2093	54.5303317170046
2094	19.623645802204
2095	-9.74304011259619
2096	-25.9997260273972
2097	-24.7964119421977
2098	-4.95959368865442
2099	29.2516035779104
2100	80.4428008444761
2101	155.363998111041
2102	217.415195377607
2103	227.776392644173
2104	224.807589910738
2105	235.378787177303
2106	244.499984443868
2107	255.791181710434
2108	277.742378977
2109	274.603576243565
2110	227.12477351013
2111	166.925970776696
2112	117.327168043261
2113	91.0983653098269
2114	92.0695625763919
2115	116.480759842957
2116	157.781957109523
2117	196.453154376088
2118	202.484351642654
2119	204.325548909219
2120	233.166746175785
2121	250.99794344235
2122	248.869140708915
2123	261.800337975481
2124	283.151535242046
2125	290.572732508612
2126	285.003929775177
2127	269.055127041743
2128	239.576324308308
2129	197.797521574873
2130	155.148718841438
2131	139.169916108004
2132	162.82111337457
2133	216.532310641135
2134	249.9535079077
2135	208.414705174266
2136	142.355902440831
2137	97.4470997073968
2138	65.948296973962
2139	70.2594942405276
2140	140.690691507093
2141	231.161888773659
2142	286.993086040224
2143	280.314283306789
2144	238.825480573355
2145	215.35667783992
2146	195.327875106485
2147	166.689072373051
2148	157.280269639617
2149	171.481466906182
2150	190.882664172747
2151	191.913861439313
2152	178.665058705878
2153	205.816255972444
2154	258.567453239009
2155	275.648650505575
2156	260.54984777214
2157	233.501045038705
2158	210.26224230527
2159	200.563439571836
2160	205.584636838401
2161	224.995834104967
2162	246.007031371532
2163	230.248228638098
2164	186.899425904664
2165	158.700623171228
2166	144.511820437794
2167	129.183017704359
2168	98.7742149709247
2169	67.5554122374906
2170	63.836609504056
2171	70.3778067706212
2172	80.2890040371863
2173	123.500201303752
2174	171.751398570317
2175	172.892595836883
2176	165.363793103448
2177	175.314990370014
2178	169.266187636579
2179	158.997384903144
2180	175.47858216971
2181	184.989779436276
2182	173.460976702841
2183	182.862173969406
2184	197.963371235972
2185	186.004568502538
2186	207.695765769103
2187	267.126963035668
2188	263.508160302233
2189	214.949357568799
2190	184.760554835364
2191	138.61175210193
2192	79.3029493684953
2193	75.0241466350608
2194	117.425343901626
2195	168.056541168191
2196	222.677738434757
2197	276.928935701322
2198	318.710132967888
2199	340.871330234453
2200	331.512527501019
2201	262.163724767584
2202	172.374922034149
2203	151.256119300715
2204	166.29731656728
2205	170.458513833846
2206	183.329711100411
2207	184.700908366977
2208	131.212105633542
2209	64.3233029001071
2210	40.3545001666726
2211	88.4956974332381
2212	170.156894699804
2213	222.788091966369
2214	255.399289232935
2215	272.1604864995
2216	253.281683766065
2217	226.762881032631
2218	232.354078299196
2219	267.855275565762
2220	309.036472832327
2221	322.577670098893
2222	323.278867365458
2223	318.140064632023
2224	254.771261898588
2225	163.762459165154
2226	131.16365643172
2227	120.664853698285
2228	97.3160509648505
2229	98.787248231416
2230	125.588445497981
2231	146.199642764546
2232	137.560840031112
2233	107.842037297678
2234	91.6932345642431
2235	79.8444318308084
2236	54.8056290973741
2237	27.3368263639395
2238	8.93802363050463
2239	5.61922089707014
2240	3.77041816363544
2241	-7.97838456979889
2242	-20.4871873032334
2243	0.174009963332082
2244	80.4352072298975
2245	162.926404496463
2246	212.167601763028
2247	243.418799029593
2248	227.979996296159
2249	156.521193562724
2250	126.78239082929
2251	175.443588095855
2252	262.824785362421
2253	335.025982628986
2254	350.967179895551
2255	301.188377162117
2256	198.759574428682
2257	80.5507716952479
2258	20.8819689618131
2259	37.5431662283786
2260	76.074363494944
2261	129.205560761509
2262	191.276758028075
2263	211.14795529464
2264	187.809152561206
2265	158.110349827771
2266	133.511547094336
2267	116.612744360902
2268	101.793941627467
2269	105.265138894033
2270	144.746336160598
2271	187.207533427164
2272	211.048730693729
2273	220.489927960295
2274	206.72112522686
2275	173.132322493425
2276	153.123519759991
2277	148.154717026556
2278	147.555914293122
2279	160.437111559687
2280	180.868308826253
2281	189.189506092818
2282	184.690703359383
2283	170.591900625949
2284	144.093097892514
2285	95.9142951590798
2286	30.4854924256451
2287	5.49668969221057
2288	37.1678869587759
2289	85.9390842253415
2290	126.430281491907
2291	146.501478758472
2292	143.782676025038
2293	135.573873291603
2294	147.045070558168
2295	185.516267824734
2296	232.0674650913
2297	249.318662357864
2298	232.64985962443
2299	188.941056890996
2300	124.122254157561
2301	55.4434514241266
2302	5.15464869069183
2303	-15.5541540427425
2304	-11.0829567761775
2305	5.34824049038798
2306	41.9994377569533
2307	88.6006350235189
2308	100.021832290085
2309	107.75302955665
2310	145.924226823216
2311	138.395424089781
2312	100.916621356346
2313	117.647818622911
2314	127.209015889477
2315	104.160213156043
2316	125.421410422608
2317	166.022607689173
2318	180.093804955739
2319	200.195002222305
2320	229.866199488869
2321	234.187396755435
2322	173.528594022
2323	67.3697912885659
2324	-8.31901144486892
2325	-28.2778141783033
2326	8.31338308826162
2327	86.4745803548271
2328	169.875777621393
2329	217.336974887958
2330	210.388172154524
2331	180.119369421089
2332	184.690566687655
2333	219.89176395422
2334	254.902961220785
2335	249.194158487351
2336	176.435355753916
2337	49.3465530204817
2338	-54.6822497129529
2339	-109.451052446387